1719464993585 0.00046640972222222217 0
1719465008226 0.0008960772743055555 1
1719465022154 0.0012785878263888888 2
1719465039134 0.0012167935 3
1719465055093 0.001146058 4
1719465070996 0.0010753224999999998 5
1719465086887 0.001004587 6
1719465102259 0.0009338514999999999 7
1719465117722 0.0008631159999999999 8
1719465133162 0.0007923804999999999 9
1719465170863 0.0007216449999999999 10
1719465184625 0.0006509094999999999 11
1719465200577 0.000580174 12
1719465216738 0.0005094384999999999 13
1719465231808 0.00043870300000000003 14
1719465246799 0.0003679675 15
1719465261413 0.0002972319999999999 16
1719465275975 0.00022649650000000003 17
1719465291239 0.00015576099999999995 18
1719465306924 8.502550000000006e-05 19
