1719464996692 0.03653 0
1719465010512 0.22309 1
1719465025718 0.34144 2
1719465042316 0.39419 3
1719465058103 0.42946 4
1719465074059 0.48256 5
1719465089898 0.50566 6
1719465105199 0.51894 7
1719465120606 0.62663 8
1719465136184 0.65694 9
1719465173373 0.67769 10
1719465187579 0.68883 11
1719465203710 0.69788 12
1719465219628 0.71448 13
1719465234655 0.72905 14
1719465249680 0.7605 15
1719465264395 0.74906 16
1719465278850 0.76971 17
1719465294248 0.7714 18
1719465309989 0.78179 19
1719465316811 0.7817630274144657 19
