1719464996692 0.01308 0
1719465010512 0.09918 1
1719465025718 0.14229 2
1719465042316 0.18321 3
1719465058103 0.19398 4
1719465074059 0.22732 5
1719465089898 0.25271 6
1719465105199 0.25704 7
1719465120606 0.31312 8
1719465136184 0.31022 9
1719465173373 0.34235 10
1719465187579 0.34498 11
1719465203710 0.37719 12
1719465219628 0.36484 13
1719465234655 0.38023 14
1719465249680 0.396 15
1719465264395 0.39264 16
1719465278850 0.39599 17
1719465294248 0.40713 18
1719465309989 0.41092 19
1719465316811 0.41047425006982186 19
