1719464996692 0.00715 0
1719465010512 0.69967 1
1719465025718 0.66613 2
1719465042316 0.69028 3
1719465058103 0.70425 4
1719465074059 0.75625 5
1719465089898 0.75382 6
1719465105199 0.76187 7
1719465120606 0.78137 8
1719465136184 0.56272 9
1719465173373 0.80641 10
1719465187579 0.61998 11
1719465203710 0.63231 12
1719465219628 0.69196 13
1719465234655 0.7051 14
1719465249680 0.71471 15
1719465264395 0.74405 16
1719465278850 0.79042 17
1719465294248 0.84974 18
1719465309989 0.76528 19
1719465316811 0.7645099668688426 19
