1719464996692 0.33139 0
1719465010512 0.17518 1
1719465025718 0.30931 2
1719465042316 0.36583 3
1719465058103 0.40412 4
1719465074059 0.4114 5
1719465089898 0.42785 6
1719465105199 0.45042 7
1719465120606 0.46777 8
1719465136184 0.66769 9
1719465173373 0.47307 10
1719465187579 0.65991 11
1719465203710 0.70041 12
1719465219628 0.66651 13
1719465234655 0.65824 14
1719465249680 0.70803 15
1719465264395 0.70785 16
1719465278850 0.70151 17
1719465294248 0.67838 18
1719465309989 0.73572 19
1719465316811 0.7351242395778125 19
